0.0 1.0864252016129033e6 4.534278122232064e6 6.559115994545387e-9
0.06571154487821156 1.1252501877367168e6 4.849966461540247e6 6.557598696605826e-9
0.1314230897564231 1.1652701198259706e6 5.200262755231881e6 6.556024494422695e-9
0.19713463463463465 1.2064942457154745e6 5.5898291988191875e6 6.554336188657859e-9
0.2628461795128462 1.248927017332649e6 6.024027710454403e6 6.552476643413543e-9
0.3285577243910578 1.2925659968319593e6 6.509166467761164e6 6.550388798678761e-9
0.3942692692692693 1.337401647454039e6 7.0525247100081835e6 6.5480156877478845e-9
0.4599808141474809 1.3834150702607075e6 7.662616169733664e6 6.545300459595272e-9
0.5256923590256924 1.4305787342907833e6 8.349085634568271e6 6.542186406185639e-9
0.591403903903904 1.4788502399596113e6 9.123438938782763e6 6.538616994692804e-9
0.6571154487821156 1.5281698537538259e6 9.999334207222704e6 6.534535904593349e-9
0.7228269936603271 1.5784605082313498e6 1.0992581855308462e7 6.5298870695927315e-9
0.7885385385385386 1.6296232242155818e6 1.212167541948617e7 6.524614724331259e-9
0.8542500834167502 1.6815344307995741e6 1.3408058931732588e7 6.5186634558082155e-9
0.9199616282949618 1.734040068802573e6 1.4876790062863778e7 6.511978259448241e-9
0.9856731731731733 1.7869413546091432e6 1.6558208950606467e7 6.504504599724126e-9
1.051384718051385 1.8399945778377224e6 1.848796189689129e7 6.496188475232802e-9
1.1170962629295964 1.892911013695479e6 2.0707010845987897e7 6.486976488109862e-9
1.182807807807808 1.945339360118592e6 2.3263564464349452e7 6.476815917648941e-9
1.2485193526860194 1.996862004192298e6 2.6213532005162958e7 6.465654797977611e-9
1.3142308975642312 2.046974817420351e6 2.9622579747212447e7 6.453441999623244e-9
1.3799424424424427 2.0950722577396305e6 3.3567713584783845e7 6.4401273147828915e-9
1.4456539873206542 2.140447369520146e6 3.813727902766541e7 6.425661546094273e-9
1.5113655321988657 2.182291783565029e6 4.343096120114692e7 6.409996598682965e-9
1.5770770770770772 2.219703249723085e6 4.955801951539432e7 6.393085575242931e-9
1.642788621955289 2.2515882309721294e6 5.664902665985886e7 6.374882873885389e-9
1.7085001668335005 2.276723406691166e6 6.484695313444978e7 6.3553442884710795e-9
1.774211711711712 2.293833388197115e6 7.429591387443298e7 6.3344271111204295e-9
1.8399232565899235 2.301590853698334e6 8.51411477732437e7 6.312090236573716e-9
1.905634801468135 2.298616548294615e6 9.752901768248759e7 6.288294268054876e-9
1.9713463463463465 2.283527359195184e6 1.1160098052866837e8 6.2630016242693006e-9
2.037057891224558 2.25506195252125e6 1.2747184625269398e8 6.236176647148867e-9
2.10276943610277 2.2121438655390344e6 1.4521856646328485e8 6.2077857099351625e-9
2.168480980980981 2.154204919099368e6 1.6484495424878004e8 6.17779732517523e-9
2.234192525859193 2.0812046972717461e6 1.862794929256261e8 6.146182252185314e-9
2.2999040707374045 1.9936305473443365e6 2.0937533603837427e8 6.112913603521307e-9
2.365615615615616 1.892489697592182e6 2.3391149057876918e8 6.077966949979987e-9
2.4313271604938276 1.7794767942166626e6 2.5957283500494877e8 6.0413204236399655e-9
2.497038705372039 1.657299486902008e6 2.8591267079276675e8 6.00295481843999e-9
2.5627502502502506 1.528849927103834e6 3.1247275358677346e8 5.962853687781061e-9
2.6284617951284623 1.3970641843161888e6 3.388033677610632e8 5.9210034386304744e-9
2.6941733400066736 1.26492224607156e6 3.644633264192729e8 5.8773934215995916e-9
2.7598848848848854 1.1354479547305962e6 3.890199776236073e8 5.832016016462662e-9
2.8255964297630967 1.0113915049352638e6 4.12093465553817e8 5.784866712583628e-9
2.8913079746413084 894544.2254441242 4.3346324459388363e8 5.735944183717023e-9
2.95701951951952 786190.5529401834 4.5299064124378324e8 5.685250356655208e-9
3.0227310643977314 687188.5558747326 4.70599895103479e8 5.632790473199055e-9
3.088442609275943 597969.9344673476 4.8627815887292147e8 5.5785731449406344e-9
3.1541541541541545 518540.02070589055 5.0007549835204774e8 5.522610400358306e-9
3.219865699032366 448477.7783465078 5.121048924407826e8 5.464917723741547e-9
3.285577243910578 387038.0869814599 5.225273596490008e8 5.405514085482484e-9
3.351288788788789 333510.5201851878 5.31491468947761e8 5.344421963293569e-9
3.417000333667001 287152.502149461 5.391427404477605e8 5.281667353937437e-9
3.4827118785452122 247219.6852072726 5.456245002377995e8 5.21727977508474e-9
3.548423423423424 212967.83544938808 5.510776651585277e8 5.15129225694855e-9
3.6141349683016353 183652.83272434783 5.556407428024431e8 5.083741323380544e-9
3.679846513179847 158531.5934765074 5.59449667676532e8 5.014666962153091e-9
3.7455580580580587 136996.98708794927 5.626140390462352e8 4.944112584195246e-9
3.81126960293627 118587.01242912204 5.652167867180464e8 4.872124971594823e-9
3.8769811478144818 102858.67087977298 5.673373943739376e8 4.798754214228212e-9
3.942692692692693 89417.79224029518 5.690466373880289e8 4.7240536349303e-9
4.008404237570905 77919.03473172609 5.70406582826588e8 4.648079703170385e-9
4.074115782449116 68065.84256484345 5.714705929555742e8 4.57089193725521e-9
4.139827327327328 59610.33547287095 5.722830116047574e8 4.492552795138603e-9
4.20553887220554 52350.23339684934 5.728797941201018e8 4.413127553974989e-9
4.271250417083751 46109.58461328301 5.732923275158486e8 4.33268417861516e-9
4.336961961961962 40734.841453059664 5.735480828816738e8 4.251293179303817e-9
4.402673506840174 36094.86030145006 5.736706153826876e8 4.169027458898764e-9
4.468385051718386 32080.901598108117 5.73679564259435e8 4.085962149995188e-9
4.534096596596597 28603.685085224028 5.735910979492819e8 4.002174442397628e-9
4.599808141474809 25585.179989019383 5.734191735847381e8 3.917743401444687e-9
4.66551968635302 22960.841671529077 5.731754081122249e8 3.832749777749247e-9
4.731231231231232 20674.166235966266 5.72870005610352e8 3.74727580897562e-9
4.796942776109444 18676.43696893251 5.725117969464238e8 3.6614050143301805e-9
4.862654320987655 16926.724340417717 5.721082397764395e8 3.575221982494802e-9
4.9283658658658664 15391.886003800097 5.716654185450934e8 3.4888121537827163e-9
4.994077410744078 14043.95732475967 5.711884748320198e8 3.4022615973423348e-9
5.05978895562229 12857.329853984313 5.706820753132735e8 3.3156567842776403e-9
5.125500500500501 11811.233121118574 5.70150039705951e8 3.2290843575915062e-9
5.1912120453787125 10887.20253440268 5.695957727357137e8 3.1426308998919526e-9
5.256923590256925 10069.056560305075 5.690222679353354e8 3.0563826998299827e-9
5.322635135135136 9342.896723522466 5.684321076447024e8 2.97042551826026e-9
5.388346680013347 8697.107606979718 5.67827463010813e8 2.884844355133615e-9
5.4540582248915594 8122.35685182995 5.672100939877776e8 2.7997232181412795e-9
5.519769769769771 7611.216954886098 5.66581415038351e8 2.715144894136417e-9
5.585481314647982 7155.590840743971 5.659429448783249e8 2.631190724356625e-9
5.651192859526193 6749.080308977446 5.65295900239751e8 2.547940384464105e-9
5.7169044044044055 6386.176288030853 5.646413362406267e8 2.4654716704052308e-9
5.782615949282617 6061.950514145069 5.639801998161565e8 2.3838602910707517e-9
5.848327494160828 5772.055531357493 5.633133297187521e8 2.303179668710354e-9
5.91403903903904 5512.724691502056 5.626414565180326e8 2.2235007480210683e-9
5.979750583917252 5280.772154209238 5.619652026008239e8 2.1448918147893183e-9
6.045462128795463 5073.592886906029 5.612850821711596e8 2.0674183249191648e-9
6.111173673673674 4889.037104333661 5.606015248173856e8 1.9911427446279213e-9
6.176885218551886 4724.7701708976965 5.599149965934337e8 1.9161244025316073e-9
6.242596763430098 4578.963947698184 5.59225869956078e8 1.8424193542802795e-9
6.308308308308309 4450.014762168153 5.585344748919e8 1.7700802603350934e-9
6.374019853186521 4336.474631543436 5.578411117255375e8 1.6991562774067695e-9
6.439731398064732 4237.051262862673 5.571460511196858e8 1.6296929639993911e-9
6.505442942942944 4150.6080529673045 5.564495340750964e8 1.5617322004238327e-9
6.571154487821156 4076.1640885015695 5.557517719305774e8 1.4953121235635307e-9
6.636866032699367 4012.894145912519 5.55052946362994e8 1.430467076590993e-9
6.702577577577578 3960.127833372737 5.54353209558818e8 1.367227573748138e-9
6.76828912245579 3917.208822190393 5.536527127046391e8 1.3056202802173242e-9
6.834000667334002 3883.556149869136 5.529515943116367e8 1.2456680070233444e-9
6.899712212212213 3858.711561840971 5.522499694653774e8 1.1873897208212416e-9
6.9654237570904245 3842.2625888942866 5.515479449193776e8 1.1308005683398255e-9
7.031135301968637 3833.8425471738524 5.508456190951033e8 1.0759119151683517e-9
7.096846846846848 3833.1305381808206 5.501430820819706e8 1.022731398493621e-9
7.162558391725059 3839.8514487727252 5.494404156373454e8 9.712629933177647e-10
7.2282699366032706 3853.7759511634854 5.487376931865435e8 9.215070916138484e-10
7.293981481481483 3874.7205029234005 5.480349798228301e8 8.734605938075219e-10
7.359693026359694 3902.5473469791496 5.473323323074207e8 8.271170119091106e-10
7.425404571237905 3937.164511613798 5.466297990694805e8 7.82466583561694e-10
7.4911161161161175 3978.4974829715557 5.459274270917118e8 7.394963962181778e-10
7.556827660994329 4026.478357526647 5.452252639747374e8 6.981905206134407e-10
7.62253920587254 4081.0880323957203 5.445233474197122e8 6.585301526576343e-10
7.688250750750752 4142.3255930043915 5.438217128456509e8 6.204937628431493e-10
7.7539622956289636 4210.208049041032 5.431203934545331e8 5.840572522313507e-10
7.819673840507175 4284.770334456773 5.424194202313029e8 5.49194114065663e-10
7.885385385385386 4366.065307465501 5.417188219438691e8 5.158756000452919e-10
7.951096930263598 4454.16375054387 5.410186251431049e8 4.840708902886497e-10
8.01680847514181 4549.1543704312835 5.403188541628485e8 4.5374726601737e-10
8.082520020020022 4651.143798129896 5.396195311199024e8 4.2487028400054587e-10
8.148231564898232 4760.256588904642 5.389206759140338e8 3.974039518142548e-10
8.213943109776444 4876.6352222832 5.382223062279747e8 3.71310902993262e-10
8.279654654654657 5000.440102056002 5.375244375274214e8 3.4653777023674397e-10
8.345366199532867 5131.849568717326 5.3682708311176324e8 3.230798660931971e-10
8.41107774441108 5271.053694401743 5.3613025852474916e8 3.008902293927793e-10
8.476789289289291 5418.23714254664 5.354339796204574e8 2.7993463065612755e-10
8.542500834167502 5573.594579210146 5.347382601802201e8 2.6017586120219343e-10
8.608212379045714 5737.335064704279 5.340431135211205e8 2.4157427284632603e-10
8.673923923923924 5909.68205359491 5.3334855249599314e8 2.2408828187362756e-10
8.739635468802136 6090.873394701814 5.3265458949342376e8 2.0767483607049685e-10
8.805347013680349 6281.161331098606 5.319612364377493e8 1.9228984418756887e-10
8.871058558558559 6480.812500112791 5.31268504789058e8 1.7788856773351887e-10
8.936770103436771 6690.10793332577 5.3057640554318917e8 1.6442597546143454e-10
9.002481648314983 6909.343056572767 5.2988494923173344e8 1.5185706130871865e-10
9.068193193193194 7138.827689942932 5.2919414592203265e8 1.4013712688973928e-10
9.133904738071406 7378.886047779259 5.285040052171799e8 1.2922202992057238e-10
9.199616282949618 7629.85673867863 5.278145362560194e8 1.190684001805746e-10
9.265327827827829 7892.092765491791 5.271257477131466e8 1.0963382479008904e-10
9.33103937270604 8165.96152532335 5.2643764779890835e8 1.0087700471163067e-10
9.396750917584253 8451.844809531874 5.257502442594024e8 9.275788446773888e-11
9.462462462462463 8750.138803729627 5.250635443764781e8 8.523775711694236e-11
9.528174007340676 9061.254087782932 5.243775549677356e8 7.827934654438549e-11
9.593885552218888 9385.619726994159 5.236922825191064e8 7.184686911008424e-11
9.659597097097098 9723.716645340082 5.2300773486369264e8 6.590607665968027e-11
9.72530864197531 10076.005939261144 5.2232391936115175e8 6.042428284405657e-11
9.79102018685352 10442.962020087421 5.216408427944112e8 5.537037461897229e-11
9.856731731731733 10825.0863645443 5.209585116779841e8 5.071481070745817e-11
9.922443276609945 11222.907514752393 5.202769322579699e8 4.642960870930424e-11
9.988154821488155 11636.981078227585 5.1959611051205343e8 4.248832243636727e-11
10.053866366366368 12067.889727881044 5.189160521495057e8 3.886601094221674e-11
10.11957791124458 12516.243202019194 5.182367626111834e8 3.553920060202339e-11
10.18528945612279 12982.678304343664 5.1755824706952935e8 3.248584148552012e-11
10.251001001001002 13467.858903951472 5.168805104285719e8 2.9685259153954106e-11
10.316712545879215 13972.475935334784 5.1620355732392544e8 2.7118102902570327e-11
10.382424090757425 14497.24739838103 5.155273921227904e8 2.4766291364450117e-11
10.448135635635637 15042.918358373056 5.148520189239527e8 2.2612956290326996e-11
10.51384718051385 15610.26094598876 5.141774415577845e8 2.064238522303114e-11
10.57955872539206 16200.074357301386 5.135036635862437e8 1.8839963694932367e-11
10.645270270270272 16813.18485377954 5.1283068830287397e8 1.7192117492504902e-11
10.710981815148484 17450.44576228697 5.121585187328049e8 1.5686255454111557e-11
10.776693360026695 18112.737475082748 5.11487157632752e8 1.431071319534745e-11
10.842404904904907 18800.967449821113 5.108166074910167e8 1.3054698090779152e-11
10.908116449783119 19516.089740712916 5.101468706964584e8 1.190823578151997e-11
10.97382799466133 20259.192190222748 5.094779505065415e8 1.0862118424611934e-11
11.039539539539541 21031.29591909792 5.088098493853201e8 9.907854852393352e-12
11.105251084417752 21833.45454384525 5.081425694858927e8 9.037622767627976e-12
11.170962629295964 22666.7786303502 5.074761128324566e8 8.244223062833473e-12
11.236674174174176 23532.4356938767 5.068104813203081e8 7.52103631965306e-12
11.302385719052387 24431.650199067262 5.061456767158427e8 6.861981515891875e-12
11.368097263930599 25365.703559942995 5.0548170065655494e8 6.261476943661614e-12
11.433808808808811 26335.934139903493 5.048185546510383e8 5.714403321575769e-12
11.499520353687021 27343.737251726943 5.041562400789853e8 5.216069066778735e-12
11.565231898565234 28390.56515757005 5.0349475819118756e8 4.7621776784464885e-12
11.630943443443446 29477.927068968165 5.0283411010953575e8 4.34879717294209e-12
11.696654988321656 30607.389146835147 5.021742968270196e8 3.972331501750489e-12
11.762366533199868 31780.57450146329 5.0151531920772773e8 3.6294938763723984e-12
11.82807807807808 32999.163192523585 5.0085717798684806e8 3.317281919263483e-12
11.893789622956291 34264.89222906549 5.001998737706674e8 3.0329545564196402e-12
11.959501167834503 35579.555569517186 4.9954340703657144e8 2.7740105651128008e-12
12.025212712712715 36945.004121685226 4.988877781330452e8 2.538168689367706e-12
12.090924257590926 38363.14574275471 4.982329872796727e8 2.323349235858405e-12
12.156635802469138 39835.94523928924 4.975790345671368e8 2.127657063826795e-12
12.222347347347348 41365.42436723162 4.9692591995721954e8 1.9493658842374897e-12
12.28805889222556 42953.663597618375 4.9627364328616714e8 1.7869037855519985e-12
12.353770437103773 44603.07095531443 4.956222048452476e8 1.638839906117153e-12
12.419481981981983 46316.04251648596 4.9497160487963426e8 1.503872176112522e-12
12.485193526860195 48094.893887295446 4.943218432497787e8 1.3808160552060402e-12
12.550905071738407 49942.069607000994 4.9367291977895975e8 1.268594195445899e-12
12.616616616616618 51860.14314795644 4.930248342532834e8 1.166226962407845e-12
12.68232816149483 53851.816915611525 4.923775864216824e8 1.0728237511629008e-12
12.748039706373042 55919.92224851164 4.91731175995917e8 9.875750371866452e-13
12.813751251251253 58067.41941829781 4.9108560265057427e8 9.097451058575444e-13
12.879462796129465 60297.39762970707 4.904408660230684e8 8.386654076577769e-13
12.945174341007677 62613.075020571945 4.8979696571364075e8 7.737284895700928e-13
13.010885885885887 65017.798661820845 4.891539012853597e8 7.14382456438102e-13
13.0765974307641 67515.04455747809 4.885116722641206e8 6.60125919210055e-13
13.142308975642312 70108.41764466334 4.878702781386462e8 6.105033900065141e-13
13.208020520520522 72801.65179359216 4.872297183604861e8 5.651010868319333e-13
13.273732065398734 75598.60980757608 4.8658999234401697e8 5.235431134848543e-13
13.339443610276945 78503.28342302196 4.859510994664427e8 4.854879828084336e-13
13.405155155155157 81519.79330943346 4.853130390677941e8 4.5062545386176157e-13
13.470866700033369 84652.38906940845 4.846758104509292e8 4.186736558848733e-13
13.53657824491158 87905.44923864103 4.840394128815332e8 3.893764740785082e-13
13.602289789789792 91283.48128592229 4.8340384558811814e8 3.6250117422772183e-13
13.668001334668004 94791.12161313788 4.8276910776202315e8 3.3783624507098634e-13
13.733712879546214 98433.13555526882 4.8213519855741477e8 3.1518943905840264e-13
13.799424424424426 102214.42581348143 4.8150211709358877e8 2.943859937603296e-13
13.865135969302639 106140.7918414805 4.808698626897807e8 2.752670176865871e-13
13.930847514180849 110217.92132893813 4.8023843464432013e8 2.576880256630707e-13
13.996559059059061 114451.27483851116 4.796078321232807e8 2.415176101931278e-13
14.062270603937273 118846.61932187727 4.78978054287657e8 2.266362364119203e-13
14.127982148815484 123410.02811973539 4.7834910029336476e8 2.1293514932922256e-13
14.193693693693696 128147.88096180597 4.777209692912403e8 2.0031538305588316e-13
14.259405238571908 133066.86396683002 4.7709366042704105e8 1.8868686262745272e-13
14.325116783450119 138173.96964256998 4.764671728414455e8 1.7796758988080298e-13
14.39082832832833 143476.49688580976 4.758415056700529e8 1.680829056114706e-13
14.456539873206541 148982.05098235374 4.752166580433835e8 1.589648209461948e-13
14.522251418084753 154698.5436070282 4.7459262908687836e8 1.5055141151147944e-13
14.587962962962965 160634.19282368082 4.7396941792089975e8 1.427862685698678e-13
14.653674507841176 166797.52308517843 4.733470236607308e8 1.3561800183511787e-13
14.719386052719388 173197.36523341207 4.7272544541657525e8 1.2899978917004187e-13
14.7850975975976 179842.85649929143 4.7210468229355824e8 1.2288896882001377e-13
14.85080914247581 186743.44050274784 4.714847333917256e8 1.1724667024488872e-13
14.916520687354023 193908.8672527359 4.7086559780604404e8 1.1203747998556366e-13
14.982232232232235 201349.1931472277 4.702472746264014e8 1.0722913934189507e-13
15.047943777110445 209074.78097322074 4.6962976293760633e8 1.0279227094898977e-13
15.113655321988658 217096.2999067299 4.690130618193885e8 9.870013162183496e-14
15.17936686686687 225424.7255127921 4.683971703463985e8 9.492838909627844e-14
15.24507841174508 234071.3397454687 4.677820875882076e8 9.14549205299337e-14
15.310789956623292 243047.73094783712 4.671678126093085e8 8.825963084174476e-14
15.376501501501505 252365.79385199843 4.665543444691145e8 8.532428916591098e-14
15.442213046379715 262038.63912378365 4.659416823283853e8 8.263238187633019e-14
15.507924591257927 272081.1160312233 4.653298254802433e8 8.016898080363923e-14
15.573636136136138 282506.5266282724 4.6471877295643777e8 7.792062541985696e-14
15.63934768101435 293328.79579711857 4.641085238031742e8 7.587521790721404e-14
15.705059225892562 304562.58248625154 4.63499077094698e8 7.402193015945072e-14
15.770770770770772 316223.27971046325 4.6289043193329453e8 7.2351121887163e-14
15.836482315648984 328327.0145508493 4.62282587449289e8 7.085426911502008e-14
15.902193860527197 340890.64815480716 4.616755428010467e8 6.952390246931879e-14
15.967905405405407 353931.7757360365 4.610692971749728e8 6.83535547606597e-14
16.03361695028362 367468.72657454107 4.604638497855122e8 6.733771746998361e-14
16.09932849516183 381520.5640166251 4.598591998751501e8 6.647180584819733e-14
16.165040040040044 396107.08547489764 4.5925534671441126e8 6.575213244157426e-14
16.230751584918252 411248.8224282685 4.5865228960186064e8 6.517588895873655e-14
16.296463129796464 426967.04042195046 4.5805002786410296e8 6.474113650187662e-14
16.362174674674677 443283.7390674611 4.574485608557829e8 6.444680429693783e-14
16.42788621955289 460221.6520426181 4.568478879595852e8 6.429269717679111e-14
16.4935977644311 477804.247091541 4.562480085862344e8 6.427951220032541e-14
16.559309309309313 496055.7260246534 4.55648922174495e8 6.440806329128836e-14
16.62502085418752 515001.024718683 4.550506281911714e8 6.467956114482443e-14
16.690732399065734 534665.8131166575 4.5445312613110805e8 6.509326923967427e-14
16.756443943943946 555076.4952279082 4.5385641551718915e8 6.56498003347993e-14
16.82215548882216 576260.2091280695 4.5326049590033895e8 6.635064539761544e-14
16.88786703370037 598244.8269590789 4.5266536685952157e8 6.719816608225597e-14
16.953578578578583 621058.9549291685 4.520710280017413e8 6.819559574392973e-14
17.01929012345679 644731.9333128934 4.5147747896204174e8 6.934704867128573e-14
17.085001668335003 669293.8680231143 4.5088471943072045e8 7.065753733183783e-14
17.150713213213216 694779.3296369564 4.5029275182594126e8 7.21329975293107e-14
17.216424758091428 721223.3998657786 4.4970157658340377e8 7.378032146827365e-14
17.28213630296964 748660.3934127564 4.4911119220402616e8 7.560739881226383e-14
17.34784784784785 777126.2347509802 4.485215976213021e8 7.7623165908349e-14
17.41355939272606 806658.4581234624 4.4793279220130056e8 7.983766343494885e-14
17.479270937604273 837296.2075431262 4.4734477574266607e8 8.226210281196737e-14
17.544982482482485 869080.2367928138 4.467575484766183e8 8.490894179384923e-14
17.610694027360697 902052.9094252847 4.461711110669524e8 8.779196974800123e-14
17.67640557223891 936258.1987632117 4.4558546461003906e8 9.092640320395025e-14
17.742117117117118 971741.6878991869 4.450006106348242e8 9.432899234338497e-14
17.80782866199533 1.0085505696957237e6 4.4441655110282904e8 9.80181391885343e-14
17.873540206873543 1.0467336467852392e6 4.438332884081504e8 1.0201402833678713e-13
17.939251751751755 1.086341331570082e6 4.432508253774602e8 1.0633877118365908e-13
18.004963296629967 1.1274256462225064e6 4.4266916527000606e8 1.1101656467462831e-13
18.07067484150818 1.1700402226846884e6 4.4208831177761084e8 1.1607386572951177e-13
18.136386386386388 1.2142403026687156e6 4.4150826902467275e8 1.2153958259131927e-13
18.2020979312646 1.2600827376566026e6 4.4092904156816536e8 1.2744528446527576e-13
18.267809476142812 1.3076259889002696e6 4.4035063439763767e8 1.3382543093323022e-13
18.333521021021024 1.3569301274215553e6 4.3977305293521416e8 1.407176227542275e-13
18.399232565899236 1.4080568340122253e6 4.391963030355945e8 1.4816287579370905e-13
18.464944110777445 1.4610693992339396e6 4.38620390986054e8 1.562059199617315e-13
18.530655655655657 1.5160327234183159e6 4.380453235064429e8 1.6489552518468001e-13
18.59636720053387 1.5730133166668208e6 4.3747110774918747e8 1.7428485658502765e-13
18.66207874541208 1.6320792988509266e6 4.368977512992887e8 1.8443186119947328e-13
18.727790290290294 1.693300399611928e6 4.363252621743235e8 1.9539968872671928e-13
18.793501835168506 1.7567479583611e6 4.3575364882444394e8 2.0725714896169475e-13
18.859213380046715 1.8224945739974366e6 4.3518292649013484e8 2.2007920874211283e-13
18.924924924924927 1.8906122936406261e6 4.3461318416738594e8 2.339475314049139e-13
18.99063646980314 1.9611841049008803e6 4.340444253928678e8 2.489510619228218e-13
19.05634801468135 2.0342974720699638e6 4.334766293555265e8 2.6518666106322337e-13
19.122059559559563 2.110041974107273e6 4.3290978519599706e8 2.8275979208075566e-13
19.187771104437775 2.1885093046398396e6 4.323438920066038e8 3.0178526361876527e-13
19.253482649315984 2.269793271962323e6 4.3177895883136004e8 3.223880326501775e-13
19.319194194194196 2.353989799037029e6 4.3121500466596836e8 3.447040714318084e-13
19.38490573907241 2.4411969234938887e6 4.306520584578204e8 3.688813025735663e-13
19.45061728395062 2.531514797630461e6 4.300901591059971e8 3.950806064306255e-13
19.516328828828833 2.6250456884119473e6 4.295293554612683e8 4.2347690510714705e-13
19.58204037370704 2.7218939774711723e6 4.289697063260932e8 4.5426032740808373e-13
19.647751918585254 2.8221661611086153e6 4.284112804546199e8 4.876374590842785e-13
19.713463463463466 2.9259708502923613e6 4.278541565526859e8 5.238326826773139e-13
19.779175008341678 3.033418770658152e6 4.272984232778178e8 5.630896111758262e-13
19.84488655321989 3.144622762509343e6 4.267441792392311e8 6.056726195342102e-13
19.910598098098102 3.259697780816941e6 4.2619153299783075e8 6.518684778671545e-13
19.97630964297631 3.378760895219569e6 4.256406030662107e8 7.019880898073036e-13
20.042021187854523 3.501931290023501e6 4.25091517908654e8 7.56368339085574e-13
20.107732732732735 3.629330264202645e6 4.2454441594113284e8 8.153740468500006e-13
20.173444277610947 3.7610812313985163e6 4.239994455313087e8 8.794000415647718e-13
20.23915582248916 3.897309719920287e6 4.234567649985322e8 9.48873342509465e-13
20.304867367367372 4.038143372744742e6 4.229165426138428e8 1.0242554569127354e-12
20.37057891224558 4.183711947516329e6 4.223789565999695e8 1.1060447895868128e-12
20.436290457123793 4.334147316547134e6 4.218441951313301e8 1.1947791625598581e-12
20.502002002002005 4.48958346681682e6 4.2131245633403176e8 1.291038440613887e-12
20.567713546880217 4.650156499972722e6 4.207839482858708e8 1.3954472568065366e-12
20.63342509175843 4.816004632329859e6 4.202588890163324e8 1.5086778299661862e-12
20.69913663663664 4.987257591833058e6 4.1973773846424794e8 1.6314528637821684e-12
20.76484818151485 5.163983106148851e6 4.192224190336947e8 1.7645485144477702e-12
20.830559726393062 5.34634140225587e6 4.187129836031247e8 1.9087974108348937e-12
20.896271271271274 5.534509829530053e6 4.182091905467897e8 2.065091707872392e-12
20.961982816149487 5.728660385415557e6 4.1771098758388376e8 2.234386150151457e-12
21.0276943610277 5.928959715424752e6 4.172185117785429e8 2.4177011187834872e-12
21.093405905905907 6.135569113138205e6 4.167320895398452e8 2.616125630182788e-12
21.15911745078412 6.348644520204728e6 4.1625223662181103e8 2.830820250741206e-12
21.22482899566233 6.568336526341316e6 4.1577965812340283e8 3.0630198863090893e-12
21.290540540540544 6.794790369333177e6 4.1531524848852515e8 3.3140364000155466e-12
21.356252085418756 7.028145935033725e6 4.148600915060247e8 3.5852610062702736e-12
21.42196363029697 7.268537757364603e6 4.144154603096903e8 3.878166382828356e-12
21.487675175175177 7.516095018315645e6 4.139828173782529e8 4.1943084366097065e-12
21.55338672005339 7.770941547944931e6 4.1356381453538567e8 4.5353276526083974e-12
21.6190982649316 8.033195824378688e6 4.1316029294970363e8 4.9029499487746925e-12
21.684809809809813 8.302970973811429e6 4.127742831347643e8 5.298986953294365e-12
21.750521354688026 8.580374770505823e6 4.124080049490672e8 5.725335614330495e-12
21.816232899566238 8.865509636792775e6 4.120638675960537e8 6.1839770461569875e-12
21.881944444444446 9.158472643071365e6 4.117444696241078e8 6.676974509841114e-12
21.94765598932266 9.459355507808937e6 4.1145259892655516e8 7.2064704213893065e-12
22.01336753420087 9.768244597541044e6 4.111912327416639e8 7.774682275734147e-12
22.079079079079083 1.0085220926871372e7 4.109635376526441e8 8.383897371316703e-12
22.144790623957295 1.0410360158471894e7 4.10772869587648e8 9.036466217522142e-12
22.210502168835504 1.0743732603082815e7 4.106227738197701e8 9.734794506100107e-12
22.276213713713716 1.108540321951243e7 4.1051698496704674e8 1.0481333528197071e-11
22.341925258591928 1.143543161463742e7 4.104594269924567e8 1.1278568921009743e-11
22.40763680347014 1.1793872043402476e7 4.104542132039207e8 1.2129007632617512e-11
22.473348348348352 1.21607734088207e7 4.1050564625430167e8 1.3035163000545014e-11
22.539059893226565 1.253617926197318e7 4.106182181414046e8 1.3999537849325085e-11
22.604771438104773 1.2920118216843765e7 4.1079788034901714e8 1.502460552505333e-11
22.670482982982985 1.331251127359246e7 4.110622085920632e8 1.6112788800902493e-11
22.736194527861198 1.3713320635160329e7 4.1141805161381173e8 1.7266436607040997e-11
22.80190607273941 1.4122512009693554e7 4.118696754982035e8 1.8487798561568993e-11
22.867617617617622 1.4540028764360731e7 4.1242259331722534e8 1.9778997306119897e-11
22.933329162495834 1.4965791925352868e7 4.130835651309096e8 2.1141998680764362e-11
22.999040707374043 1.5399700177883347e7 4.1386059798733485e8 2.2578579807854373e-11
23.064752252252255 1.5841629866188046e7 4.147629459226253e8 2.4090295193400508e-11
23.130463797130467 1.629143499352516e7 4.1580110996095103e8 2.5678440997363905e-11
23.19617534200868 1.6748947222175362e7 4.1698683811452824e8 2.734401767063224e-11
23.26188688688689 1.721397587344166e7 4.1833312538361835e8 2.908769120607332e-11
23.3275984317651 1.7686307927649524e7 4.1985421375652945e8 3.090975330346028e-11
23.393309976643312 1.816570802414686e7 4.215655922096149e8 3.2810080802622184e-11
23.459021521521525 1.865191846130393e7 4.2348399670727414e8 3.478809479513079e-11
23.524733066399737 1.9144659196513426e7 4.2562741020195264e8 3.684271988131568e-11
23.59044461127795 1.9643627846190438e7 4.2801506263414115e8 3.8972344095342044e-11
23.65615615615616 2.0148499685772493e7 4.306674309323772e8 4.117478007530671e-11
23.72186770103437 2.0658927649719447e7 4.336062390132428e8 4.344722810650964e-11
23.787579245912582 2.1174542331513707e7 4.368544577813673e8 4.578624171276637e-11
23.853290790790794 2.1694951983659957e7 4.404363051294246e8 4.818769651133655e-11
23.919002335669006 2.2219742517685458e7 4.443772459381372e8 5.064676308008973e-11
23.98471388054722 2.27484775041396e7 4.487039920762685e8 5.315788460929662e-11
24.05042542542543 2.3280698172594436e7 4.53444502400632e8 5.571476012317156e-11
24.11613697030364 2.381592341164428e7 4.5862798275608516e8 5.83103340564093e-11
24.18184851518185 2.4353649768906053e7 4.642848859755332e8 6.093679295684466e-11
24.247560060060064 2.4893351451018866e7 4.704469118799252e8 6.358557005556813e-11
24.313271604938276 2.5434480323644217e7 4.7714700727825433e8 6.624735839911106e-11
24.378983149816488 2.597646591146635e7 4.844193659675665e8 6.891213317363469e-11
24.444694694694697 2.6518715398191486e7 4.9229942873294514e8 7.156918376769713e-11
24.51040623957291 2.706061362654865e7 5.0082388334752667e8 7.420715601779315e-11
24.57611778445112 2.760153048435094e7 5.10030593656169e8 7.681410495948915e-11
24.641829329329333 2.8140857287853353e7 5.1996087553997344e8 7.937755826716975e-11
24.707540874207545 2.8677944380636286e7 5.3065932298760056e8 8.188459040819081e-11
24.773252419085757 1.3555187656258116e6 1.818398132068135e7 8.432375855892656e-11
24.838963963963966 1.406437825511749e6 1.8180401614469156e7 8.667917020796087e-11
24.90467550884218 1.4592228233089058e6 1.8178154771563273e7 8.8945833101553e-11
24.97038705372039 1.5139388865815597e6 1.8177287625457108e7 9.11186502819288e-11
25.036098598598603 1.5706531191534663e6 1.817784665354757e7 9.319325761141222e-11
25.101810143476815 1.6294347455096776e6 1.8179878087605294e7 9.516603770065331e-11
25.167521688355027 1.6903551518343866e6 1.8183427962586667e7 9.70341257508629e-11
25.233233233233236 1.7534878860109285e6 1.818854211663385e7 9.879540771459686e-11
25.298944778111448 1.8189086576217853e6 1.819526619107476e7 1.0044851127598732e-10
25.36465632298966 1.886695410210701e6 1.8203646153691728e7 1.019927902315762e-10
25.430367867867872 1.9569283869454763e6 1.8213727385664083e7 1.0342830291676669e-10
25.496079412746084 2.0296901612321844e6 1.822555486262833e7 1.0475578537047315e-10
25.561790957624293 2.105065726976477e6 1.823917438519958e7 1.0597661996228191e-10
25.627502502502505 2.183142498802907e6 1.8254632581478722e7 1.0709280022322108e-10
25.693214047380717 2.264010312054901e6 1.8271976907052424e7 1.081068926240688e-10
25.75892559225893 2.347761422794779e6 1.8291255644993126e7 1.0902199603539859e-10
25.82463713713714 2.4344905078037535e6 1.831251790585905e7 1.0984169958268527e-10
25.890348682015354 2.524294664581916e6 1.8335813627694193e7 1.1057003957935195e-10
25.956060226893563 2.6172733703441834e6 1.836119467361355e7 1.1121145618226767e-10
26.021771771771775 2.713528701225836e6 1.838871665250739e7 1.1177075036953783e-10
26.087483316649987 2.813165734054981e6 1.8418432740535486e7 1.1225304179104751e-10
26.1531948615282 2.916292012018783e6 1.845039992390771e7 1.1266372798970239e-10
26.21890640640641 3.023017501621247e6 1.848467967028878e7 1.1300844543707743e-10
26.284617951284623 3.133454592683215e6 1.8521337928798262e7 1.1329303277255681e-10
26.350329496162832 3.2477180983423623e6 1.8560445130010568e7 1.1352349658128342e-10
26.416041041041044 3.3659252550532185e6 1.8602076185954966e7 1.1370597999431742e-10
26.481752585919256 3.488195722587128e6 1.8646310490115553e7 1.1384673434533549e-10
26.54746413079747 3.614651584032302e6 1.8693231917431295e7 1.1395209407269284e-10
26.61317567567568 3.7454173457937487e6 1.8742928824295983e7 1.1402845501441843e-10
26.67888722055389 3.8806194840039248e6 1.879549744279937e7 1.1408225620718187e-10
26.7445987654321 4.020384862355181e6 1.885105640170357e7 1.141199652689068e-10
26.810310310310314 4.1648465403993493e6 1.8909706497043554e7 1.1414806741873912e-10
26.876021855188526 4.314139632943693e6 1.897155864920254e7 1.1417305816778681e-10
26.941733400066738 4.4684004176686285e6 1.903674024733802e7 1.1420143969948277e-10
27.00744494494495 4.627766335127728e6 1.910539514938172e7 1.1423972094973595e-10
27.07315648982316 4.7923759887477085e6 1.9177683682039633e7 1.1429442139419721e-10
27.13886803470137 4.962369144828468e6 1.9253782640792023e7 1.1437207855307316e-10
27.204579579579583 5.137886732543037e6 1.9333885289893396e7 1.1447925923292282e-10
27.270291124457795 5.3190708439376e6 1.941820136237251e7 1.1462257453986193e-10
27.336002669336008 5.506064733931505e6 1.9506957060032386e7 1.1480869871964274e-10
27.40171421421422 5.699012820317259e6 1.9600395053450312e7 1.1504439190729945e-10
27.46742575909243 5.8980606837604875e6 1.96987744819778e7 1.1533652690267152e-10
27.53313730397064 6.1033550678000245e6 1.980237095374066e7 1.1569212012845891e-10
27.598848848848853 6.315040773268569e6 1.9911491855467953e7 1.1611836697493492e-10
27.664560393727065 6.533254656730749e6 2.0026520780168448e7 1.1662268179060946e-10
27.730271938605277 6.758148446825423e6 2.0147818832894105e7 1.1721274284178823e-10
27.795983483483486 6.989872265203919e6 2.027579294087307e7 1.1789654263694976e-10
27.861695028361698 7.228572425384453e6 2.0410905762282297e7 1.1868244409545673e-10
27.92740657323991 7.47439143275206e6 2.05536756862475e7 1.1957924313564787e-10
27.993118118118122 7.727467984558654e6 2.0704676832843225e7 1.2059448885895846e-10
28.058829662996335 7.987936969923006e6 2.0864539053092793e7 1.2173871953897874e-10
28.124541207874547 8.255929469830724e6 2.1033947928968318e7 1.230072783401027e-10
28.190252752752755 8.531572757134287e6 2.121364477339071e7 1.2439450015630858e-10
28.255964297630968 8.814990296553085e6 2.140442663022973e7 1.2589466248075686e-10
28.32167584250918 9.106301744673278e6 2.160714627430385e7 1.2750191374258812e-10
28.387387387387392 9.405622949947909e6 2.182271221138037e7 1.2921020468044358e-10
28.453098932265604 9.713065952696908e6 2.20520886781754e7 1.3101322266817125e-10
28.518810477143816 1.0028738985107128e7 2.2296295642353915e7 1.329043290279968e-10
28.584522022022025 1.0352746471232006e7 2.255640880252944e7 1.3487649948170145e-10
28.650233566900237 1.0685186475191005e7 2.283358609042559e7 1.3692226800128595e-10
28.71594511177845 1.1026124407964779e7 2.3129326735060308e7 1.3903367442724695e-10
28.78165665665666 1.1375642540631197e7 2.3444931219676778e7 1.4120221632443497e-10
28.847368201534874 1.1733820024973013e7 2.378172348033964e7 1.4341880564167749e-10
28.913079746413082 1.2100722330162948e7 2.4141163238523997e7 1.4567373083075832e-10
28.978791291291294 1.2476401242763774e7 2.4524846001115497e7 1.4795662516132008e-10
29.044502836169507 1.2860894866728181e7 2.4934503060410216e7 1.5025644203902996e-10
29.11021438104772 1.3254227623398868e7 2.5372001494114716e7 1.5256143819256227e-10
29.17592592592593 1.3656410251508534e7 2.5839344165346105e7 1.5485916563836097e-10
29.241637470804143 1.406743980717983e7 2.6338669722631875e7 1.5713647335789325e-10
29.30734901568235 1.4487299663925419e7 2.6872252599910088e7 1.593795196275612e-10
29.373060560560564 1.491595951264797e7 2.7442503016529292e7 1.615737959236407e-10
29.438772105438776 1.5353375361640085e7 2.8051966977248438e7 1.6370416328079054e-10
29.50448365031699 1.5799489536584409e7 2.8703326272237077e7 1.657549019101224e-10
29.5701951951952 1.6254230680553528e7 2.939939847707516e7 1.677097747791657e-10
29.635906740073413 1.6717513754010005e7 3.0143136952753086e7 1.695521057192494e-10
29.70161828495162 1.718924003480643e7 3.0937630845671844e7 1.7126487245452073e-10
29.767329829829833 1.76692971181854e7 3.1786105087642923e7 1.7283081474017448e-10
29.833041374708046 1.815755891677946e7 3.2691920395888235e7 1.742325575557932e-10
29.898752919586258 1.8653902614514608e7 3.365705421201249e7 1.754527490240058e-10
29.96446446446447 1.9158208175487462e7 3.468101474299925e7 1.7647421241750446e-10
30.03017600934268 1.9670251577347085e7 3.577001892919389e7 1.7728011128231064e-10
30.09588755422089 2.0189793220042855e7 3.693027857578005e7 1.7785412634717856e-10
30.161599099099103 2.0716585567972075e7 3.816737208716594e7 1.7818064251468035e-10
30.227310643977315 2.1250373149980128e7 3.948624446698459e7 1.7824494384670798e-10
30.293022188855527 2.1790892559360415e7 4.089120731809383e7 1.780334140752957e-10
30.35873373373374 2.233787245385438e7 4.238593884257627e7 1.775337397995223e-10
30.424445278611948 2.2891033555651456e7 4.397348384173916e7 1.7673511318250496e-10
30.49015682349016 2.3450088651389223e7 4.5656253716114834e7 1.75628430651979e-10
30.555868368368373 2.401474259215319e7 4.743602646546017e7 1.7420648384687796e-10
30.621579913246585 2.45846922934769e7 4.931394668875668e7 1.7246413885403497e-10
30.687291458124797 2.515962673534197e7 5.1290525584210925e7 1.7039849965686846e-10
30.75300300300301 2.5739226962178037e7 5.336564094925409e7 1.6800905168376422e-10
30.818714547881218 2.6323166082862712e7 5.5538537180542e7 1.6529778140882346e-10
30.88442609275943 2.691110927072181e7 5.78078252739559e7 1.6226926813048447e-10
30.950137637637642 2.7502713763528932e7 6.017148282460065e7 1.5893074434046772e-10
31.015849182515854 2.8097628863505978e7 6.262685402680732e7 1.5529212149974747e-10
31.081560727394066 2.86954959373226e7 6.517064967413024e7 1.5136597855921003e-10
31.147272272272275 2.929594841609675e7 6.779894715934992e7 1.4716751119573312e-10
31.212983817150487 2.989861179539421e7 7.050719047447048e7 1.427144404707432e-10
31.2786953620287 3.0503103635228943e7 7.329019021072175e7 1.3803125994681445e-10
31.34440690690691 3.1109033560062643e7 7.614212355855674e7 1.331668421854048e-10
31.410118451785124 3.171605966390428e7 7.905550865166415e7 1.2817226483377032e-10
31.475829996663336 3.2323878137200896e7 8.201912424895878e7 1.2309571301379817e-10
31.541541541541545 3.293212815064731e7 8.502165517398481e7 1.179816091976296e-10
31.607253086419757 3.3540450195037484e7 8.80524209223946e7 1.128703377213153e-10
31.67296463129797 3.414848636772606e7 9.110137403491205e7 1.077980885920061e-10
31.73867617617618 3.4755880372628435e7 9.415910009733318e7 1.02796807531718e-10
31.804387721054393 3.536227752022079e7 9.721681774052607e7 9.7894238049507e-11
31.870099265932605 3.596732472754004e7 1.0026637864043073e8 9.311404087452619e-11
31.935810810810814 3.6570670518183835e7 1.0330026751805909e8 8.847597620860884e-11
32.001522355689026 3.717196502231069e7 1.0631160213949554e8 8.399613485631364e-11
32.06723390056724 3.777085997663973e7 1.0929413331589592e8 7.968720525177228e-11
32.13294544544545 3.836700872445095e7 1.122422449034884e8 7.555876462010708e-11
32.19865699032366 3.8960066215585e7 1.1515095380357292e8 7.161758389183636e-11
32.264368535201875 3.95496890064433e7 1.1801590996252136e8 6.786793744918638e-11
32.33008008008009 4.0135535259988196e7 1.2083339637177846e8 6.431191025480594e-11
32.3957916249583 4.07172647457425e7 1.236003290678595e8 6.094969634138132e-11
32.461503169836504 4.129453883978995e7 1.263142571323527e8 5.777988398368897e-11
32.52721471471472 4.186702052477507e7 1.2897336269191839e8 5.4799724103733654e-11
32.59292625959293 4.2434374389903076e7 1.3157646091828854e8 5.200537955673736e-11
32.65863780447114 4.29962647232753e7 1.3412446051119705e8 4.9392153902027015e-11
32.72434934934935 4.355238034313308e7 1.3662058207319477e8 4.695469907711383e-11
32.790060894227565 4.410244700084033e7 1.3906454778728908e8 4.468720207019653e-11
32.85577243910578 4.4646201977913566e7 1.414564844659963e8 4.258355123508347e-11
32.92148398398399 4.518339330340113e7 1.437971225876654e8 4.063748332541198e-11
32.9871955288622 4.571377975388321e7 1.4608779629647824e8 3.884271265629086e-11
33.052907073740414 4.623713085347188e7 1.4833044340244934e8 3.7193044046370584e-11
33.118618618618626 4.675322687381105e7 1.505276053814261e8 3.5682471367574945e-11
33.18433016349684 4.726185883407649e7 1.5268242737508857e8 3.4305263648802514e-11
33.25004170837504 4.776282850097574e7 1.5479865819094935e8 3.305604075891586e-11
33.315753253253256 4.8255948388748385e7 1.5688065030235443e8 3.192984074779468e-11
33.38146479813147 4.874104175916572e7 1.5893335984848216e8 3.092218096603862e-11
33.44717634300968 4.92179426215309e7 1.609623466343435e8 3.002911512754888e-11
33.51288788788789 4.968649573267896e7 1.6297377413078243e8 2.924728853806495e-11
33.578599432766104 5.0146556596976794e7 1.6497440947447562e8 2.8573993800348608e-11
33.64431097764432 5.059799146632312e7 1.669716234679323e8 2.800722943752376e-11
33.71002252252253 5.104067734014857e7 1.6897339057949492e8 2.7545764066017532e-11
33.77573406740074 5.1474501965415545e7 1.7098828894333825e8 2.7189209016937067e-11
33.84144561227895 5.189936383661839e7 1.730255003594702e8 2.6938102671437912e-11
33.907157157157165 5.231517219578321e7 1.7509481029373077e8 2.6794010268589946e-11
33.97286870203537 5.2721847032468036e7 1.7720660787779364e8 2.6759643597200534e-11
34.03858024691358 5.311931908376277e7 1.7937188590916488e8 2.6839005839113402e-11
34.104291791791795 5.350752983428907e7 1.8160224085118276e8 2.7037567946363437e-11
34.17000333667001 5.388643151620054e7 1.8390987283301923e8 2.7362484380755035e-11
34.23571488154822 5.425598710918255e7 1.863075856496781e8 2.782285791706411e-11
34.30142642642643 5.461617034045247e7 1.8880878676199713e8 2.8430065635586798e-11
34.36713797130464 5.496696568475931e7 1.914274872966452e8 2.919816137239399e-11
34.432849516182856 5.530836836438409e7 1.941783020461252e8 3.014437397768108e-11
34.49856106106107 904719.568337124 2.9754539290893907e6 3.1288193353732544e-11
34.56427260593928 939038.5328092468 2.972374336698548e6 3.2644300832523486e-11
34.62998415081749 974639.8024167662 2.969368963664126e6 3.4228280217382674e-11
34.6956956956957 1.0115697056856168e6 2.96644808448456e6 3.605873284709406e-11
34.76140724057391 1.0498761528186814e6 2.9636236573298583e6 3.8157540168205125e-11
34.82711878545212 1.0896086899772391e6 2.9609097103841687e6 4.0550074667678667e-11
34.892830330330334 1.1308184992809864e6 2.9583223418457755e6 4.3265445263366924e-11
34.958541875208546 1.1735583988080213e6 2.9558797199271e6 4.633677246396435e-11
35.02425342008676 1.2178829365485748e6 2.953603964664916e6 4.980148790359305e-11
35.08996496496497 1.2638484042206688e6 2.951518833056535e6 5.370165173522835e-11
35.15567650984318 1.3115128459119909e6 2.949649643366223e6 5.8084279816501345e-11
35.221388054721395 1.3609362401355815e6 2.948028145346367e6 6.300167062224876e-11
35.28709959959961 1.4121805010837037e6 2.9466925512924236e6 6.851171935312085e-11
35.35281114447782 1.4653094786278429e6 2.9456875360429203e6 7.467820376822175e-11
35.41852268935603 1.520388958318708e6 2.9450642369794557e6 8.157102285532157e-11
35.484234234234236 1.5774866613862216e6 2.944880254026698e6 8.926636558901506e-11
35.54994577911245 1.6366722447395506e6 2.9451996496523856e6 9.78467827696538e-11
35.61565732399066 1.698017357802948e6 2.9460995881556375e6 1.074011303781269e-10
35.68136886886887 1.7615959453321788e6 2.947674119608249e6 1.1802434816846257e-10
35.747080413747085 1.8274841172806937e6 2.9500095686290246e6 1.2981703255816492e-10
35.8127919586253 1.8957601445732233e6 2.9532139850563235e6 1.428847585442354e-10
35.87850350350351 1.9665044658252678e6 2.9574190687883534e6 1.5733710173167563e-10
35.94421504838172 2.0397996873430964e6 2.9627801697831764e6 1.7328630906008946e-10
36.009926593259934 2.1157305831237463e6 2.969476288058703e6 1.9084556599223017e-10
36.075638138138146 2.194384094855028e6 2.9777100736926957e6 2.1012680941075736e-10
36.14134968301636 2.2758493319155117e6 2.9877078268227684e6 2.3123803995241618e-10
36.20706122789456 2.3602175713745444e6 2.9997194976463863e6 2.542800957342143e-10
36.272772772772775 2.4475822579922443e6 3.014018686420865e6 2.7934286214174324e-10
36.33848431765099 2.538038499045879e6 3.030957899649812e6 3.0650091025312125e-10
36.4041958625292 2.6316842276708e6 3.050912981917784e6 3.35808580137405e-10
36.46990740740741 2.7286203372725225e6 3.0742439472496714e6 3.6729455505384254e-10
36.535618952285624 2.828949484888577e6 3.101385733652221e6 4.0095600853022076e-10
36.601330497163836 2.9327760885879835e6 3.132848428396639e6 4.3675244802240996e-10
36.66704204204205 3.0402063274712553e6 3.1692172680185903e6 4.745994254107586e-10
36.73275358692026 3.151348141670397e6 3.211152638318197e6 5.143623343705168e-10
36.79846513179847 3.2663112323489008e6 3.259390074360039e6 5.55850565319033e-10
36.864176676676685 3.3852070617017564e6 3.314740260473158e6 5.9881233706171e-10
36.92988822155489 3.5081488529554303e6 3.378089030251047e6 6.429305665340511e-10
36.9955997664331 3.6352515903679053e6 3.450397366551667e6 6.878201696010961e-10
37.061311311311314 3.7666320192286577e6 3.532701401497446e6 7.330272016876372e-10
37.12702285618953 3.902406288684849e6 3.6262464211810417e6 7.780302418657196e-10
37.19273440106774 4.0426904636487933e6 3.7324850935120923e6 8.222443929626834e-10
37.25844594594595 4.187608860310044e6 3.8525830260347463e6 8.650282090909657e-10
37.32415749082416 4.3372857910799645e6 3.987849764705527e6 9.056937679262749e-10
37.389869035702375 4.491845175495804e6 4.139760041814238e6 9.435724111293733e-10
37.45558058058059 4.651410540220701e6 4.309953775983961e6 9.782263290878202e-10
37.5212921254588 4.816105019043671e6 4.500236072171039e6 1.0093232277789434e-9
37.58700367033701 4.986051352879624e6 4.71257722166511e6 1.0365847446051132e-9
37.652715215215224 5.161371889769355e6 4.949112702089082e6 1.059789961903588e-9
37.71842676009343 5.342188584879514e6 5.212143177399088e6 1.0787779280258267e-9
37.78413830497164 5.528623000502709e6 5.504134497884653e6 1.0934486252849802e-9
37.84984984984985 5.72079630605738e6 5.827717700168501e6 1.1037624427085889e-9
37.915561394728066 5.918829278087839e6 6.185689007206592e6 1.1097382594293542e-9
37.98127293960628 6.122842300264336e6 6.581009828288276e6 1.1114502843720676e-9
38.04698448448449 6.332955346961295e6 7.016803388817718e6 1.1090238285813295e-9
38.1126960293627 6.549284942910696e6 7.495975428627553e6 1.1026302075884962e-9
38.178407574240914 6.771944786861698e6 8.02197245917614e6 1.0924809826811614e-9
38.24411911911913 7.001047511841958e6 8.598578006353084e6 1.0788217523264345e-9
38.30983066399734 7.236703363776592e6 9.229481199636105e6 1.061925699209917e-9
38.37554220887555 7.479020201488163e6 9.918276772090994e6 1.0420870855688587e-9
38.441253753753756 7.728103496696675e6 1.066846506037162e7 1.0196148710909496e-9
38.50696529863197 7.984056334019642e6 1.1483452004720092e7 9.9482660507694e-10
38.57267684351018 8.246979410971971e6 1.2366549148966452e7 9.680427192817787e-10
38.63838838838839 8.51697103796605e6 1.332097364052895e7 9.39581321235798e-10
38.704099933266605 8.794127138311695e6 1.4349848230413783e7 9.09753561149416e-10
38.76981147814482 9.078541248216208e6 1.5456201273215422e7 8.788596197897664e-10
38.83552302302303 9.370304516784346e6 1.6642966727116436e7 8.471853408498586e-10
38.90123456790124 9.669505129838023e6 1.7912934786554888e7 8.149995099622585e-10
38.96694611277945 9.976225078932457e6 1.9268007161754515e7 7.825517640818051e-10
39.032657657657666 1.0290550711372942e7 2.070963697390783e7 7.500710997203087e-10
39.09836920253588 1.0612565056763766e7 2.2239003573478684e7 7.177649365326725e-10
39.16408074741408 1.0942345633727487e7 2.3856924387477126e7 6.858186839510737e-10
39.229792292292295 1.1279964449905064e7 2.556385491945992e7 6.543957527478526e-10
39.29550383717051 1.1625488001955654e7 2.7359888749529693e7 6.236379502961419e-10
39.36121538204872 1.1978977275556738e7 2.924475753433539e7 5.936661975481517e-10
39.42692692692693 1.2340487745404134e7 3.1217831007072523e7 5.645815069907231e-10
39.492638471805144 1.2710069375211915e7 3.327811697748256e7 5.364661636808016e-10
39.558350016683356 1.3087766617712477e7 3.542426133185343e7 5.093850555343254e-10
39.62406156156157 1.347361841465656e7 3.765454803301961e7 4.833871039872244e-10
39.68977310643978 1.3867658196813101e7 3.9966899120361194e7 4.5850675164697957e-10
39.75548465131799 1.426991360444221e7 4.235888152870252e7 4.347654693287493e-10
39.821196196196205 1.4680392908292199e7 4.4828182401343174e7 4.121732506850391e-10
39.88690774107442 1.5099094493380848e7 4.737276604387812e7 3.9073006830221506e-10
39.95261928595262 1.5526007429474998e7 4.999068682382112e7 3.7042727050237183e-10
40.018330830830834 1.5961105635741783e7 5.268017737403723e7 3.5124890304798495e-10
40.084042375709046 1.6404347880748343e7 5.5439648592741035e7 3.3317294442782406e-10
40.14975392058726 1.6855677782462012e7 5.826768964349791e7 3.1617244736531664e-10
40.21546546546547 1.7315023808250267e7 6.116306795522352e7 3.0021880902197586e-10
40.28117701034368 1.7782299274880774e7 6.412472922218428e7 2.852685474985192e-10
40.346888555221895 1.825740234852129e7 6.715179740399659e7 2.7126475210874815e-10
40.41260010010011 1.874021604473974e7 7.024357472562751e7 2.581468022753727e-10
40.47831164497832 1.9230608228504248e7 7.339954167739472e7 2.4585807152721824e-10
40.54402318985653 1.9728431614182994e7 7.661935701496583e7 2.3434568235191717e-10
40.609734734734744 2.0233523765544422e7 7.990285775935958e7 2.23560274481379e-10
40.67544627961295 2.0745707095756907e7 8.325005919694366e7 2.1345578615615918e-10
40.74115782449116 2.126479001062713e7 8.666119678985396e7 2.0398924789777603e-10
40.80686936936937 2.1790573603487346e7 9.01370904889089e7 1.951205883071401e-10
40.872580914247585 2.2322820142520487e7 9.367816139161126e7 1.8681245140168565e-10
40.9382924591258 2.2861272419801503e7 9.728495461082968e7 1.7903002500290212e-10
41.00400400400401 2.3405660447895624e7 1.0095835687799315e8 1.717408796890521e-10
41.06971554888222 2.3955701459858373e7 1.0469959654309101e8 1.649148178344942e-10
41.135427093760434 2.451109990923557e7 1.0851024357467301e8 1.5852373226652273e-10
41.201138638638646 2.507154747006331e7 1.1239220955984904e8 1.5254147408272316e-10
41.26685018351686 2.5636723036867972e7 1.1634774770428948e8 1.469437291860346e-10
41.33256172839507 2.620629272466625e7 1.2037945283222504e8 1.4170790311066573e-10
41.39827327327328 2.6779909868965104e7 1.2449026138644679e8 1.3681301372947398e-10
41.46398481815149 2.7357215025761757e7 1.2868345142830582e8 1.3223959145214597e-10
41.5296963630297 2.7937835971543804e7 1.3296264263771415e8 1.279695865432324e-10
41.59540790790791 2.8521387703289043e7 1.3733179631314364e8 1.2398628320972654e-10
41.661119452786124 2.9107472438465673e7 1.4179521537162727e8 1.202742201292048e-10
41.72683099766434 2.9695679615031995e7 1.463575443487569e8 1.1681911711155926e-10
41.79254254254255 3.028558589143671e7 1.5102376939868554e8 1.1360780760990623e-10
41.85825408742076 3.0876755146618888e7 1.5579921829412737e8 1.1062817681938257e-10
41.92396563229897 3.146873972790912e7 1.6068989579836768e8 1.0786910512622023e-10
41.989677177177185 3.2061105295046747e7 1.6570728977200454e8 1.0532041669373363e-10
42.0553887220554 3.2653403304287013e7 1.7085785550772083e8 1.0297283299678424e-10
42.12110026693361 3.3245174088985723e7 1.7614702953885385e8 1.0081793114192674e-10
42.186811811811815 3.383595501042819e7 1.815819782018083e8 9.884810683699848e-11
42.25252335669003 3.442528045782948e7 1.8717159763605845e8 9.705654190151303e-11
42.31823490156824 3.501268184833404e7 1.929265137841448e8 9.543717623804593e-11
42.38394644644645 3.559768762701594e7 1.988590823916762e8 9.398468421521108e-11
42.44965799132466 3.6179823266878836e7 2.049833890073298e8 9.269445544494961e-11
42.515369536202876 3.675861126885595e7 2.1131524898285043e8 9.156257997123578e-11
42.58108108108109 3.733357116181003e7 2.178722074730504e8 9.058583792418116e-11
42.6467926259593 3.790421950253345e7 2.246735394358106e8 8.976169373350522e-11
42.71250417083751 3.8470069875748105e7 2.317402496320792e8 8.908829503890753e-11
42.778215715715724 3.903063289410552e7 2.3909507262587333e8 8.8564476482747e-11
42.84392726059394 3.9585416198186696e7 2.4676247278427666e8 8.818976862330737e-11
42.90963880547214 4.013392445650225e7 2.5476864427744138e8 8.796441226574947e-11
42.975350350350354 4.0675659365492456e7 2.6314151107858887e8 8.788937857359287e-11
43.041061895228566 4.121011964952694e7 2.7191072696400505e8 8.796639539750632e-11
43.10677344010678 1.5529333038297729e6 7.828578063210698e6 8.819827031142802e-11
43.17248498498499 1.6111762124543914e6 7.828646101446902e6 8.858639314147498e-11
43.2381965298632 1.6715470549250124e6 7.829159087688482e6 8.912908161111762e-11
43.303908074741415 1.7341191587714565e6 7.83015500868897e6 8.982397827405065e-11
43.36961961961963 1.7989679926208083e6 7.831674127980693e6 9.066936285415358e-11
43.43533116449784 1.8661712875515188e6 7.833759949714898e6 9.166409329594295e-11
43.50104270937605 1.9358090704774933e6 7.836459515150574e6 9.280755180168943e-11
43.56675425425426 2.007963664148094e6 7.83982340265446e6 9.409959490936158e-11
43.632465799132476 2.08271968714813e6 7.843905727701041e6 9.554050676340019e-11
43.69817734401068 2.1601640740026757e6 7.848765633098648e6 9.71309548130099e-11
43.76388888888889 2.2403862090203227e6 7.854465737450477e6 9.887194724274955e-11
43.829600433767105 2.3234779509899123e6 7.8610723080872875e6 1.0076479150000354e-10
43.89531197864532 2.409533614977592e6 7.868658387317585e6 1.0281105333545765e-10
43.96102352352353 2.498649972312657e6 7.877303801867235e6 1.0501251581767701e-10
44.02673506840174 2.5909262505875556e6 7.887095162879472e6 1.0737113782289445e-10
44.092446613279954 2.6864641336578764e6 7.898125865914886e6 1.0988901153766944e-10
44.158158158158166 2.7853677616423657e6 7.910496090951437e6 1.1256831854636421e-10
44.22386970303638 2.8877437309229234e6 7.924312802384447e6 1.1541128410872414e-10
44.28958124791459 2.993700974775705e6 7.939692099273827e6 1.1842012926639714e-10
44.3552927927928 3.103350778736435e6 7.956764740576718e6 1.2159702045201542e-10
44.42100433767101 3.2168077649353123e6 7.975660722435439e6 1.2494401631158046e-10
44.48671588254922 3.334188839390052e6 7.996523484927898e6 1.284630114913412e-10
44.55242742742743 3.455613074669277e6 8.019511774512193e6 1.3215567718502667e-10
44.618138972305644 3.5812017098925686e6 8.0447996440266175e6 1.3602339828713008e-10
44.683850517183856 3.711078150730456e6 8.07257645268966e6 1.4006720705373335e-10
44.74956206206207 3.8453679694044027e6 8.103046866100001e6 1.4428771323485882e-10
44.81527360694028 3.984198904686842e6 8.136430856236521e6 1.486850307122123e-10
44.88098515181849 4.1277008619011175e6 8.1729637014582865e6 1.5325870075394297e-10
44.946696696696705 4.276005912921552e6 8.212895986504566e6 1.5800761208411798e-10
45.01240824157492 4.429247785697034e6 8.256499655741448e6 1.6292991805918877e-10
45.07811978645313 4.5875591123912595e6 8.3041045536301015e6 1.680229513468703e-10
45.143831331331334 4.751079395972707e6 8.35600835457154e6 1.732831366143474e-10
45.20954287620955 4.919949775888695e6 8.412532882543562e6 1.7870590185206495e-10
45.27525442108776 5.094311569188089e6 8.47404073247638e6 1.8428558908583754e-10
45.34096596596597 5.274306270521371e6 8.540935270252641e6 1.9001536536243719e-10
45.40667751084418 5.460075552140628e6 8.61366063270743e6 1.9588713503078313e-10
45.472389055722395 5.6517612638995405e6 8.692701727628252e6 2.0189145448038182e-10
45.53810060060061 5.8495054332534e6 8.778584233755052e6 2.0801745063859748e-10
45.60381214547882 6.053450265259091e6 8.871874600780198e6 2.1425274466570942e-10
45.66952369035703 6.263738142575116e6 8.973180049348505e6 2.20583382418572e-10
45.735235235235244 6.480511625461545e6 9.083148571057193e6 2.269937733762818e-10
45.800946780113456 6.703913451780084e6 9.202468928455934e6 2.334666398304546e-10
45.86665832499167 6.934086536994022e6 9.331870655046824e6 2.399829782343796e-10
45.93236986986987 7.171169487867828e6 9.472190105750956e6 2.465220346742907e-10
45.998081414748086 7.415292435356562e6 9.6244334511349e6 2.5306129646768117e-10
46.0637929596263 7.666598783721511e6 9.78944903035182e6 2.5957650190250504e-10
46.12950450450451 7.925227546604116e6 9.968180285660952e6 2.660416701023723e-10
46.19521604938272 8.191311909434147e6 1.0161686722143117e7 2.7242915293109046e-10
46.260927594260934 8.46497922942971e6 1.037114390770072e7 2.78709710730709e-10
46.32663913913915 8.746351035597228e6 1.0597843473057728e7 2.8485261351600533e-10
46.39235068401736 9.035543028731475e6 1.0843193111759719e7 2.908257690216773e-10
46.45806222889557 9.332665081415541e6 1.1108716580173835e7 2.9659587871366274e-10
46.52377377377378 9.637821238020837e6 1.139605369748878e7 3.0212862253138146e-10
46.589485318651995 9.951109714707147e6 1.1706960345714897e7 3.0738887272318414e-10
46.6551968635302 1.0272622899422491e7 1.2043308469683997e7 3.123409366742264e-10
46.72090840840841 1.0602447351903383e7 1.240708607704966e7 3.169488281076634e-10
46.786619953286625 1.0940663803674493e7 1.2800397238286842e7 3.2117656547151613e-10
46.85233149816484 1.1287347158048932e7 1.3225462086692208e7 3.24988495712325e-10
46.91804304304305 1.1642564488894451e7 1.3684589105591003e7 3.283496409919912e-10
46.98375458792126 1.2006354381325686e7 1.418004789898117e7 3.3122606523792734e-10
47.04946613279947 1.237876087073044e7 1.4714718998297604e7 3.3358525674271413e-10
47.115177677677686 1.275982095059062e7 1.5291642788621293e7 3.353965223635593e-10
47.1808892225559 1.3149557581332369e7 1.5913886723578498e7 3.366313882320047e-10
47.24660076743411 1.3547979690326065e7 1.658454532534075e7 3.3726400128951183e-10
47.31231231231232 1.3955082171886327e7 1.730674018462482e7 3.372715254350937e-10
47.37802385719053 1.437084588727195e7 1.808361996069269e7 3.366324967790308e-10
47.44373540206874 1.4795237664686115e7 1.8918360381351843e7 3.3534884334024784e-10
47.50944694694695 1.5228210299276078e7 1.9814164242954712e7 3.33437632649173e-10
47.575158491825164 1.5669702553133411e7 2.077426141039924e7 3.309229020936745e-10
47.640870036703376 1.6119639155293915e7 2.1801908817128558e7 3.278316101032182e-10
47.70658158158159 1.6577930801737553e7 2.2900390465130832e7 3.2419327651988787e-10
47.7722931264598 1.7044474155388597e7 2.4073017424939755e7 3.2003961409594417e-10
47.83800467133801 1.7519151846115626e7 2.5323127835634544e7 3.1540415655965123e-10
47.903716216216225 1.8001832470731247e7 2.6654086904838935e7 3.103218883700316e-10
47.96942776109444 1.849237059299247e7 2.8069286908722524e7 3.048288808912705e-10
48.03513930597265 1.8990606743600503e7 2.957214719200003e7 2.9896193927258794e-10
48.10085085085086 1.9496367420200735e7 3.1166114167931326e7 2.927582638335806e-10
48.166562395729066 2.0009465087382805e7 3.285466131832146e7 2.8625512924153775e-10
48.23227394060728 2.0529700929975603e7 3.464064940014094e7 2.7948958423930123e-10
48.29798548548549 2.1056858693713192e7 3.652529112597642e7 2.7249817415153435e-10
48.3636970303637 2.1590694572033998e7 3.851079678106055e7 2.653166878747964e-10
48.429408575241915 2.2130955338237014e7 4.059896077334391e7 2.579799305521144e-10
48.49512012012013 2.267737919995245e7 4.2791048313927375e7 2.5052152265392874e-10
48.56083166499834 2.322969579914177e7 4.5087795417062186e7 2.4297372574122133e-10
48.62654320987655 2.3787626212097675e7 4.748940890014989e7 2.353672947784587e-10
48.692254754754764 2.4350882949444078e7 4.999556638374228e7 2.2773135649782765e-10
48.757966299632976 2.491916995613616e7 5.2605416291541584e7 2.200933129945135e-10
48.82367784451119 2.549218261146032e7 5.531757785040028e7 2.124787694568463e-10
48.88938938938939 2.6069607729034137e7 5.813014109032092e7 2.0491148470531131e-10
48.955100934267605 2.665112355680662e7 6.104066684445725e7 1.974133430298268e-10
49.02081247914582 2.7236399777057845e7 6.4046186749112606e7 1.900043456736691e-10
49.08652402402403 2.7825097506399103e7 6.714320324374041e7 1.8270262021277105e-10
49.15223556890224 2.841686929577303e7 7.032768957094511e7 1.7552444601774698e-10
49.217947113780454 2.9011359130453426e7 7.359508977648094e7 1.6848429395969475e-10
49.283658658658666 2.960822563123448e7 7.694172159249195e7 1.6159487852588113e-10
49.34937020353688 3.020712262252877e7 8.036239388619052e7 1.5486722054406647e-10
49.41508174841509 3.0807679425098784e7 8.384976073805238e7 1.4831071877051304e-10
49.4807932932933 3.1409527486337736e7 8.739656037186517e7 1.4193322867289984e-10
49.546504838171515 3.2012300388497617e7 9.099561575479202e7 1.3574114683155515e-10
49.61221638304972 3.2615633848689154e7 9.463983459737138e7 1.2973949948717623e-10
49.67792792792793 3.3219165718882065e7 9.832220935351847e7 1.239320338770645e-10
49.743639472806144 3.3822535985904664e7 1.0203581722052288e8 1.183213111219024e-10
49.80935101768436 3.442538677144411e7 1.0577382013905025e8 1.1290879954834785e-10
49.87506256256257 3.50273623320464e7 1.0952946479314193e8 1.0769496745685273e-10
49.94077410744078 3.562810905911627e7 1.1329608261021477e8 1.0267937446693248e-10
50.00648565231899 3.622727547891727e7 1.1706708976106118e8 9.78607606917672e-11
50.072197197197205 3.682451225257178e7 1.2083598715984942e8 9.323713310908687e-11
50.13790874207542 3.741947217606093e7 1.245963604641233e8 8.880584860443628e-11
50.20362028695363 3.801181018022464e7 1.2834188007480192e8 8.456369326531889e-11
50.26933183183184 3.8601183330761656e7 1.3206630113618034e8 8.050695759958477e-11
50.335043376710054 3.9187250828229494e7 1.3576346353592926e8 7.663150743840046e-11
50.40075492158826 3.976967400804436e7 1.39427291905094e8 7.293285036286968e-11
50.46646646646647 4.0348116340481594e7 1.430517956180979e8 6.940619756391068e-11
50.53217801134468 4.09222619575891e7 1.4663075825735724e8 6.604652110731008e-11
50.597889556222896 4.149181573725678e7 1.501597407376591e8 6.284860663024145e-11
50.66360110110111 4.2056474553094774e7 1.5363603118230796e8 5.980710154228306e-11
50.72931264597932 4.2615947480831146e7 1.5705714592966688e8 5.6916558843432165e-11
50.79502419085753 4.316995592120036e7 1.6042082420081422e8 5.417147670432858e-11
50.860735735735744 4.371823359994329e7 1.6372502809954375e8 5.1566333980303996e-11
50.92644728061396 4.426052656780721e7 1.6696794261236453e8 4.909562185155028e-11
50.99215882549217 4.479659320054582e7 1.7014797560850108e8 4.675387179715921e-11
51.05787037037038 4.532620419891916e7 1.732637578398932e8 4.4535680121588315e-11
51.123581915248586 4.58491425886937e7 1.7631414294119573e8 4.243572925879347e-11
51.1892934601268 4.636520372064241e7 1.7929820742977995e8 4.044880608233275e-11
51.25500500500501 4.687419527054455e7 1.8221525070573136e8 3.856981744973776e-11
51.32071654988322 4.7375937239185795e7 1.8506479505185127e8 3.679380320675798e-11
51.386428094761435 4.7870261952358276e7 1.878465856336564e8 3.511594687223033e-11
51.45213963963965 4.835701406086045e7 1.905605904993786e8 3.353158421765143e-11
51.51785118451786 4.883605054049726e7 1.9320700057996538e8 3.203620994742016e-11
51.58356272939607 4.930724069207997e7 1.9578622968907925e8 3.062548267652536e-11
51.64927427427428 4.977046614142632e7 1.982989145230984e8 2.929534743645041e-11
51.714985819152496 5.0225620839360446e7 2.0074591466111645e8 2.8041307639346865e-11
51.78069736403071 5.0672611061712824e7 2.0312831256494197e8 2.6859384564007567e-11
51.84640890890891 5.1111355409320354e7 2.0544741357909894e8 2.5745673236965165e-11
51.912120453787125 5.1541784808026426e7 2.0770474593082735e8 2.4696480298331816e-11
51.97783199866534 5.196384250868077e7 2.0990206073008204e8 2.3708315655319676e-11
52.04354354354355 5.237748408713943e7 2.120413319695328e8 2.2777884228640274e-11
52.10925508842176 5.27826774442651e7 2.1412475652456605e8 2.19020778336041e-11
52.174966633299974 5.317940280592652e7 2.1615475415328187e8 2.1077967232022972e-11
52.240678178178186 5.3567652722999126e7 2.1813396749649698e8 2.0302794385875918e-11
52.3063897230564 5.3947432071364634e7 2.2006526207774302e8 1.9573964939098215e-11
52.37210126793461 5.4318765676312044e7 2.21951242629789e8 1.8889040949769966e-11
52.43781281281282 5.468172522889633e7 2.237921662731573e8 1.8245733891384705e-11
52.503524357691035 5.503636269534444e7 2.255896332602205e8 1.7641897938751906e-11
52.56923590256925 5.538272979270746e7 2.273455555431417e8 1.7075523551394956e-11
52.63494744744745 5.572088287759712e7 2.2906186776259238e8 1.6544731365032897e-11
52.700658992325664 5.605088294618596e7 2.3074052724775314e8 1.604776639985598e-11
52.766370537203876 5.6372795634207055e7 2.3238351401631263e8 1.5582992592795898e-11
52.83208208208209 5.668669121695423e7 2.3399283077446818e8 1.5148887659841026e-11
52.8977936269603 5.699264460928197e7 2.3557050291692576e8 1.474403829363753e-11
52.96350517183851 5.729073536560545e7 2.3711857852689987e8 1.436713570113434e-11
53.029216716716725 5.758104767990053e7 2.386391283761136e8 1.4016971485864597e-11
53.09492826159494 5.7863670385703735e7 2.4013424592479855e8 1.3692433879606356e-11
53.16063980647315 5.8138696956112295e7 2.41606047321695e8 1.3392504328623449e-11
53.22635135135136 5.84062255037841e7 2.4305667140405166e8 1.3116254440457305e-11
53.292062896229574 5.8666358780937724e7 2.444882796976259e8 1.2862843298332741e-11
53.35777444110778 5.891920417935242e7 2.4590305641668358e8 1.2631515151655542e-11
53.42348598598599 5.9164873730368145e7 2.4730320846399933e8 1.2421597492849111e-11
53.4891975308642 5.9403484104885526e7 2.4869096543085617e8 1.2232499532906369e-11
53.554909075742415 5.9635156613365844e7 2.5006857959704557e8 1.2063711090569202e-11
53.62062062062063 5.9860017205831096e7 2.5143832593086785e8 1.1914801913013535e-11
53.68633216549884 6.007819647186395e7 2.5280250208913183e8 1.1785421449365535e-11
53.75204371037705 6.028982964060773e7 2.541634284171546e8 1.167529910236324e-11
53.817755255255264 6.049505658076647e7 2.5552344794876227e8 1.1584244988066776e-11
53.883466800133476 6.069402180060487e7 2.5688492640628907e8 1.1512151238796886e-11
53.94917834501169 6.088687444794832e7 2.582502522005781e8 1.145899389054023e-11
54.0148898898899 6.107376831018293e7 2.596218364309813e8 1.1424835403012179e-11
54.08060143476811 6.125486181425538e7 2.6100211288535827e8 1.140982786855242e-11
54.14631297964632 6.1430318026673116e7 2.6239353804007795e8 1.141421697520398e-11
54.21202452452453 6.1600304653504275e7 2.637985910600177e8 1.1438346799878366e-11
54.27773606940274 6.1764955035089694e7 2.6522211276240814e8 1.148266551966647e-11
54.343447614280954 6.192428408234095e7 2.666733026566719e8 1.1547732143374252e-11
54.40915915915917 6.207840284172497e7 2.681525011378943e8 1.1634224381558984e-11
54.47487070403738 6.222742792293411e7 2.69660188752731e8 1.174294779208149e-11
54.54058224891559 6.237147045837635e7 2.7119779587786186e8 1.1874846359909906e-11
54.6062937937938 6.2510636103175305e7 2.72767702719991e8 1.2031014695123215e-11
54.672005338672015 6.2645025035170235e7 2.743732393158466e8 1.2212712062384788e-11
54.73771688355023 6.2774731954916e7 2.7601868553218085e8 1.2421378489310873e-11
54.80342842842844 6.28998460856831e7 2.777092710657705e8 1.2658653241012306e-11
54.869139973306645 6.302045117345767e7 2.794511754434158e8 1.2926395994671089e-11
54.93485151818486 6.313662548694147e7 2.8125152802194214e8 1.3226711102554703e-11
55.00056306306307 6.3248441817551896e7 2.83118407988198e8 1.3561975395837292e-11
55.06627460794128 6.3355967479421966e7 2.850608443590567e8 1.3934870056753013e-11
55.13198615281949 6.345926430940032e7 2.870888159814155e8 1.4348417175048743e-11
55.197697697697706 6.355838866705123e7 2.89213251532196e8 1.480602170897093e-11
55.26340924257592 6.365339143465461e7 2.914460295183437e8 1.531151969415269e-11
55.32912078745413 6.374431801720599e7 2.9379997827682793e8 1.5869233689428156e-11
55.39483233233234 6.383120834241653e7 2.9628887597464293e8 1.6484036621216115e-11
55.460543877210554 6.391409686071303e7 2.9892745060880655e8 1.7161425393032116e-11
55.52625542208877 6.39930125452379e7 3.017313800063615e8 1.790760587037995e-11
55.59196696696697 6.406797889184918e7 3.047172918243734e8 1.872959114160529e-11
55.657678511845184 6.413901391912059e7 3.079027635499333e8 1.9635315301803838e-11
55.723390056723396 6.42061301683414e7 3.11306322500156e8 2.063376542119746e-11
55.78910160160161 6.426933470351656e7 3.149474458221803e8 2.1735134855707674e-11
55.85481314647982 1.2291045022240535e6 6.585084843881716e6 2.295097291803047e-11
55.92052469135803 1.275485001484321e6 6.578276599312674e6 2.429389021452647e-11
55.986236236236245 1.3235795234996036e6 6.571658837650917e6 2.5775556962891377e-11
56.05194778111446 1.3734485991747668e6 6.565254540123236e6 2.7408296408421986e-11
56.11765932599267 1.4251546156944693e6 6.559088880434816e6 2.9205656761979214e-11
56.18337087087088 1.4787619501174453e6 6.553190833981092e6 3.1182492198789615e-11
56.24908241574909 1.5343370109613421e6 6.547593732570776e6 3.335504563690856e-11
56.314793960627306 1.591948238202717e6 6.542335264425847e6 3.5741031954114035e-11
56.38050550550551 1.651666103277039e6 6.537457474181556e6 3.83597200034256e-11
56.44621705038372 1.7135631730248674e6 6.533010019877862e6 4.123201144411401e-11
56.511928595261935 1.7777141788912113e6 6.529045978364843e6 4.4380514016057824e-11
56.57764014014015 1.8441960436386056e6 6.525622749069257e6 4.782960645087766e-11
56.64335168501836 1.9130879564852442e6 6.522809003203354e6 5.160549173518059e-11
56.70906322989657 1.9844713732934808e6 6.520684698444277e6 5.5736234923221545e-11
56.774774774774784 2.0584300165698275e6 6.519341078934065e6 6.025178114454986e-11
56.840486319652996 2.1350498754649535e6 6.518880675279645e6 6.518394887595204e-11
56.90619786453121 2.21441920577369e6 6.519417304552842e6 7.056639295900379e-11
56.97190940940942 2.296628529935022e6 6.52107607029037e6 7.643453126168924e-11
57.03762095428763 2.3817705717301825e6 6.524002042472235e6 8.282542832642734e-11
57.10333249916584 2.4699404976975895e6 6.528367979692739e6 8.977762884411711e-11
57.16904404404405 2.5612363100127624e6 6.534337435927547e6 9.733093337682812e-11
57.23475558892226 2.6557582455833624e6 6.542105701329618e6 1.0552610845836046e-10
57.300467133800474 2.7536087394281384e6 6.551902957032046e6 1.1440452307598948e-10
57.366178678678686 2.8548924246769156e6 6.563994275148049e6 1.240077036272485e-10
57.4318902235569 2.9597161325706025e6 6.578679618770977e6 1.3437679980655954e-10
57.49760176843511 3.0681888924611816e6 6.596293841974306e6 1.4555195456528317e-10
57.56331331331332 3.1804219318117104e6 6.6172066898116395e6 1.5757157236449123e-10
57.629024858191535 3.2965286761963367e6 6.641822798316714e6 1.7047148146130475e-10
57.69473640306975 3.4166247493002675e6 6.670581694503391e6 1.8428398799207895e-10
57.76044794794796 3.540826903611759e6 6.704016693864001e6 1.9903682218716748e-10
57.826159492826164 3.6692534358712337e6 6.742757690828725e6 2.14751980208638e-10
57.89187103770438 3.802027802348984e6 6.787333641374367e6 2.3144446886388486e-10
57.95758258258259 3.9392743760347487e6 6.838382302821632e6 2.4912096481183634e-10
58.0232941274608 4.0811182474487987e6 6.896660550471665e6 2.67778404813647e-10
58.08900567233901 4.227685224641927e6 6.9630443776060715e6 2.874025290214253e-10
58.154717217217225 4.379101833195437e6 7.03852889548689e6 3.0796640514214746e-10
58.22042876209544 4.535495316221163e6 7.124228333356618e6 3.294289674104403e-10
58.28614030697365 4.696993634361449e6 7.2213760384381935e6 3.517336104563217e-10
58.35185185185186 4.863725465789156e6 7.331324475934998e6 3.748068841159657e-10
58.417563396730074 5.035820206207681e6 7.455545229030876e6 3.9855734071015896e-10
58.483274941608286 5.2134079688509265e6 7.595628998890107e6 4.2287459096746903e-10
58.5489864864865 5.396619584483292e6 7.753285604657399e6 4.476286282221043e-10
58.6146980313647 5.5855788462559935e6 7.930809931082628e6 4.726694823712814e-10
58.680409576242916 5.7804118943910105e6 8.130525510093574e6 4.978272649277903e-10
58.74612112112113 5.981251610274719e6 8.354483770091e6 5.229126639589673e-10
58.81183266599934 6.188226091704973e6 8.60514043856557e6 5.477179424123201e-10
58.87754421087755 6.401458645038621e6 8.885356009109573e6 5.720184850073821e-10
58.943255755755764 6.621067785191494e6 9.198395741416873e6 5.9557492734113e-10
59.00896730063398 6.847167235638441e6 9.547929661283014e6 6.181358860585261e-10
59.07467884551219 7.079865928413277e6 9.93803256060508e6 6.394412909914297e-10
59.1403903903904 7.319268004108822e6 1.0373183997381791e7 6.592211909407844e-10
59.20610193526861 7.565472811876894e6 1.0858268295713494e7 6.772745034999905e-10
59.271813480146825 7.818574909428318e6 1.1398574545802185e7 6.934708517663291e-10
59.33752502502503 8.078664063032851e6 1.1999796603951316e7 7.077124468633831e-10
59.40323656990324 8.345825247519326e6 1.2668033092566133e7 7.199226109822572e-10
59.468948114781455 8.620138275763102e6 1.3409797570291765e7 7.300462451085603e-10
59.53465965965967 8.901662822820544e6 1.4232572513204357e7 7.380499018574828e-10
59.60037120453788 9.190453256176721e6 1.5144720172713872e7 7.439214815272855e-10
59.66608274941609 9.486556650008315e6 1.6155284602899794e7 7.476695778948856e-10
59.7317942942943 9.79000541993817e6 1.7274133802569117e7 7.493225073252288e-10
59.797505839172516 1.0100817323035287e7 1.8511959715256248e7 7.48927060324323e-10
59.86321738405073 1.0418995457814839e7 1.9880278229223136e7 7.465470186760641e-10
59.92892892892894 1.0744528264238153e7 2.1391429177459177e7 7.422614837699457e-10
59.99464047380715 1.1077389523712702e7 2.3058576337681036e7 7.361630627104306e-10
60.06035201868536 1.141753835909213e7 2.489570743233306e7 7.28355958407303e-10
60.12606356356357 1.1764919234676324e7 2.6917634128587432e7 7.189540082252292e-10
60.19177510844178 1.2119461956211198e7 2.913999203834297e7 7.080787130938723e-10
60.257486653319994 1.2481081670888932e7 3.1579240718226794e7 6.958572954389789e-10
60.323198198198206 1.2849678867347803e7 3.425266366959288e7 6.824208200897937e-10
60.38890974307642 1.3225139375672285e7 3.717836833852294e7 6.679024076485959e-10
60.45462128795463 1.3607335403273385e7 4.0375093274122946e7 6.524355648658945e-10
60.52033283283284 1.3996137158873638e7 4.385900926362591e7 6.361526515274424e-10
60.586044377711055 1.4391370372998329e7 4.7650148508867055e7 6.191834983851237e-10
60.65175592258927 1.479284439594315e7 5.176940511681255e7 6.016541858899273e-10
60.71746746746748 1.5200364762694892e7 5.623656769584742e7 5.836859890231923e-10
60.78317901234569 1.5613733192931449e7 6.107031935577543e7 5.653944894598054e-10
60.848890557223896 1.6032747591021776e7 6.6288237707818806e7 5.468888526966756e-10
60.91460210210211 1.6457202046026047e7 7.190679486461999e7 5.282712646812471e-10
60.98031364698032 1.6886886831695404e7 7.794135744023852e7 5.096365198961761e-10
61.04602519185853 1.732158840647217e7 8.440618655015391e7 4.910717507975568e-10
61.111736736736745 1.776108941348972e7 9.131443781126398e7 4.726562869488841e-10
61.17744828161496 1.8205168680572562e7 9.867816134188533e7 4.544616311122678e-10
61.24315982649317 1.865360122023629e7 1.0650830176175372e8 4.365515389134074e-10
61.30887137137138 1.9106162784174267e7 1.148144535443359e8 4.1898218844154284e-10
61.374582916249594 1.9562643425067045e7 1.2360287366392766e8 4.018024262296868e-10
61.440294461127806 2.0022830982127476e7 1.3287731892332356e8 3.8505407643164526e-10
61.50600600600602 2.0486516430407573e7 1.426400739104887e8 3.68772300618222e-10
61.57171755088422 2.0953494542503748e7 1.528919575938614e8 3.529859964050175e-10
61.637429095762435 2.142356388855699e7 1.6363232332235748e8 3.3771822405064145e-10
61.70314064064065 2.1896526836252585e7 1.7485905882536384e8 3.229866511833917e-10
61.76885218551886 2.2372189550820258e7 1.8656858621274152e8 3.0880400688728873e-10
61.83456373039707 2.2850361995034255e7 1.9875586197482806e8 2.951785374711065e-10
61.900275275275284 2.3330857929213196e7 2.1141437698243362e8 2.821144573276709e-10
61.965986820153496 2.381349491122014e7 2.2453615648684254e8 2.6961238934173097e-10
62.03169836503171 2.4298094296462618e7 2.3811176011981457e8 2.5766979030438287e-10
62.09740990990992 2.4784481237892542e7 2.5213028189358178e8 2.4628135772622144e-10
62.16312145478813 2.5272484686006308e7 2.6657935020085207e8 2.354394153002873e-10
62.228832999666345 2.5761935721665386e7 2.8144648928175634e8 2.2513427504302458e-10
62.29454454454455 2.625263238842372e7 2.96723751838686e8 2.1535457483416153e-10
62.36025608942276 2.674435103219526e7 3.1240378341462773e8 2.060875906840198e-10
62.425967634300974 2.7236870047790732e7 3.284788444069568e8 1.9730691521009666e-10
62.49167917917919 2.7729970098344482e7 3.449408265610738e8 1.8901123396821342e-10
62.5573907240574 2.822343411531442e7 3.617812529704035e8 1.811579071408632e-10
62.62310226893561 2.8717047298482038e7 3.789912780763948e8 1.7371874971511492e-10
62.68881381381382 2.9210597115952395e7 3.965616876685205e8 1.6666759722442292e-10
62.754525358692035 2.9703873304154098e7 4.1448289888427705e8 1.5998014619960377e-10
62.82023690357025 3.019666786783937e7 4.327449602091861e8 1.5363380829750064e-10
62.88594844844846 3.0688775080083948e7 4.5133755147679156e8 1.476075768503697e-10
62.95165999332667 3.1179991482287157e7 4.702499838686615e8 1.418819047017814e-10
63.017371538204884 3.1670115884171955e7 4.894711999143913e8 1.364385923050325e-10
63.08308308308309 3.2158949363784708e7 5.08989773491593e8 1.3126068515889594e-10
63.1487946279613 3.2646295267495587e7 5.2879390982591283e8 1.2633237974428704e-10
63.21450617283951 3.3131959209998146e7 5.48871445491013e8 1.2163893720519712e-10
63.280217717717726 3.361575273611416e7 5.692107287579483e8 1.1716660408895668e-10
63.34592926259594 3.409749506009849e7 5.898006011213562e8 1.1290253952540145e-10
63.41164080747415 3.4577005812579304e7 6.106283130192801e8 1.0883474828262815e-10
63.47735235235236 3.505411081964448e7 6.316810292864578e8 1.0495201918934127e-10
63.543063897230574 3.552864222661386e7 6.529458608199904e8 1.0124386846098107e-10
63.60877544210879 3.600043849803921e7 6.744098645793425e8 9.770048750936e-11
63.674486986987 3.6469344417704284e7 6.960600435863422e8 9.431269485396397e-11
63.74019853186521 3.693521108862474e7 7.178833469251798e8 9.107189178775092e-11
63.805910076743416 3.739789593304815e7 7.398666697424083e8 8.797002148161118e-11
63.87162162162163 3.785726269245419e7 7.619968532469491e8 8.499953124002888e-11
63.93733316649984 3.83131814275543e7 7.84260684710081e8 8.215333764610423e-11
64.00304471137805 3.8765528518291935e7 8.06644897465447e8 7.942479435731571e-11
64.06875625625626 3.921418666384252e7 8.291361709090564e8 7.680766233444524e-11
64.13446780113448 3.965904488261335e7 8.517211304992768e8 7.429608230513655e-11
64.20017934601269 4.0099998512243785e7 8.743863477568456e8 7.18845492808472e-11
64.2658908908909 4.0536949209605e7 8.971183402648568e8 6.956788896165347e-11
64.33160243576911 4.0969804950800166e7 9.199035716687698e8 6.73412358775859e-11
64.39731398064733 4.139848003116452e7 9.427284516764143e8 6.520001312814148e-11
64.46302552552554 4.182289506526502e7 9.655793360579706e8 6.313991359335252e-11
64.52873707040375 4.2242976986900724e7 9.884425266459912e8 6.115688250051014e-11
64.59444861528196 4.265865911272091e7 1.0113043266076931e9 5.924710124036434e-11
64.66016016016017 4.306988416193169e7 1.0341520280431626e9 5.740697233548351e-11
64.72587170503839 4.3476604535608366e7 1.056972535326093e9 5.563310547154143e-11
64.7915832499166 4.387877786053173e7 1.0797525712399008e9 5.392230450964824e-11
64.85729479479481 4.4276366730001144e7 1.1024790394092963e9 5.227155540456472e-11
64.92300633967301 4.46693387038345e7 1.1251390243002787e9 5.0678014959753525e-11
64.98871788455122 4.5057666308368474e7 1.1477197912201548e9 4.9139000355826994e-11
65.05442942942943 4.544132703645811e7 1.1702087863175108e9 4.7651979394052116e-11
65.12014097430765 4.582030334747711e7 1.1925936365822327e9 4.621456140124164e-11
65.18585251918586 4.619458266731772e7 1.2148621498454974e9 4.482448874663984e-11
65.25156406406407 4.656415738839083e7 1.2370023147797794e9 4.347962892531582e-11
65.31727560894228 4.6929024869625844e7 1.2590023008988419e9 4.217796716615066e-11
65.3829871538205 4.728918743647079e7 1.280850458557747e9 4.091759952579673e-11
65.4486986986987 4.7644652380892254e7 1.3025353189528458e9 3.9696726432976214e-11
65.51441024357692 4.7995431961375415e7 1.3240455941217868e9 3.851364665025651e-11
65.58012178845513 4.834154340292404e7 1.3453701769435117e9 3.7366751622962484e-11
65.64583333333334 4.868300889706045e7 1.3664981411382525e9 3.6254520187210136e-11
